0e462097431906509019562988736854
0e405967825401955372549139051580
0e830400451993494058024219903391
0e291529052894702774557631701704
0e763082070976038347657360817689
0e818888003657176127862245791911
0e701732711630150438129209816536
0e478478466848439040434801845361
0e256160682445802696926137988570
0e537612333747236407713628225676
0e362766013028313274586933780773
0e248776895502908863709684713578
0e782601363539291779881938479162
0e424759758842488633464374063001
0e742373665639232907775599582643
00e57640477961333848717747276704
0e755264355178451322893275696586
0e540853622400160407992788832284
0e087386482136013740957780965295
0e041022518165728065344349536299
0e873986795817250807369213941548
0e390310578034127565575710199239
0e522608713252938409614536178159
0e476487496670573057723083165712
0e552943749576940357419042912841
00e82203671254360601934759406438
0e880812032272171076911479094143
0e676399623216539720736975162129
0e176345976414440291009492284364
0e564472166873750526572156675923
0e461721121374870411609769578212
0e060125509800398574391675067075
0e366928091944678781059722345471
00e93967150195561843942349513469
0e296679956971343764470376014802
0e247293857347608753400314349379
0e027927343820705863215577441770
0e252975277424098750450405547604
0e987529109273801660943537750499
0e536008331452600778000468162358
0e883694193916844326948973611295
0e424294048497888001893529971403
0e096469501119857795175476384647
0e070302641246420537823173917716
0e107651412534430122444310727335
0e849446873586376930140138357778
0e381567347928220347073343854712
0e905060392130117790735726467859
0e914949007364385803648138798605
0e448778299130864449509797129898
0e525419864591945406262998227563
0e545428394516071575146741684795
0e767295899498195380697332834436
0e576163277785256730155739473379
0e935872100939536813194636270943
0eb93088111953185174046674351486
0e971379756057125072238845041250
0e183864284211506298675869366648
0eb21820378827332451464430798697
0e038598152105620891422974861596
0e894353687104732687786635214136
0ed28945221302591847978449153264
0ea90264385679456791019887225991
0e439849245165078778802700229873
0e731449381626093091793513404050
0e126635149374886577950106830662
0e756073880949659567751252231576
0ef65491276193866976262495578569
0ea53603712327886946538710356586
0e249086601945526783602356278673
0e024555713478934332659658118180
0ed83429501266915038692525714483
0e019285890012675326970853669352
0ef91664263600485432881263069170
0eb96344658110042953525224062897
00e49650706719659997081024412456
0e090929726083772016603384876954
0e931397641908567179613657463230
0eb41746678067233356940544958830
0e964760122122507558510301894707
0e663260936156214376380910821202
0ea96476364525234814003638575853
0e853966415201907882218435953878
0e942355771645636795619261311622
0ea70327014428107205836228338816
0ee95969805366297925576732214029
0e052566796022527677703658434604
0e600123384457131209132592175638
0e810763761302115893884702703844
0e731166959245640967022771564684
0e463249761046685126659935619668
0ed33059556258086974875447876416
0ef50854419179481189879935461045
0e969150246784517533191246408521
0eb39549850075118461895635919058
0e328551463697730337691527967652
0e126217242363062792274495713166
0e527915370591664597242693926727
0e025551054370458644586403691610
0ee37127518715729207824340169151
0e502364472144982857192590869744
0e732117148004958779182858536990
0e457496054833900987889666775116
0e699815913563873875266079686664
00e76406687914702217897625303372
0e078797531434036768367559385297
0e697369971494869826413604586581
0eb64175721325153230401232293315
0ed71930195460522478633772575290
0e074760013367177502192270815625
0e074190594274270431349335477921
0e764949368069072045196388521865
0ec67338059701463792777215772734
0e601959717847074232869477323026
0e021177200447735015356971031921
00e88998412786603066488766572631
0e453499463434434754387288377524
0e634506090174107853159384135687
0ea15673050850040596297554136904
0e070078800181583050892160625194
0ef84418091629785329034046180298
0ef61674257494387742486696449693
0e096932402637733060146852211580
0ea15298596110949330590213153621
0eb11422135237478771912924355863
0ea93220458387084292797896338339
0ea24305267217862954133256679599
00e11893775978043981869465759606
0e710274968408547509637852155342
0e903190981462662531625558386605
0ed79166800676590411693158196899
0ed20108381450617146587076403374
0ef72621370226266918540716895907
0e008198203488965284265444165616
0ef78945997469804846763158288124
0ec90497773189564921974134421492
0e629484198526644284541157337823
0ef54513011862173157038880179669
00e97587549148132332584993856101
0e294157022803076449661086491633
0eb53493166742192510438503774348
0ef28594657620374960617662584943
00e41735841504397670224983312865
0e192387500119144940543589871051
0e697741935429285291249437201427
0e713554192892592207918637368778
0ef82274437943154664919965739010
0ed48932947782431585928958543499
0e180273134459787920679105396890
0ee60908266239921612442277028478
00e35712421886644709539392249393
0e169197575097809523854569778352
0eb80103486333320853663220547702
0e875405291819069232049945618037
00e09882601873365218948520930847
0e571046416076977261801376038048
0e788527789870181469533381742838
0e144579778150395607081073445146
0e408087357085099162195921667528
0ef32371130975581793158356886748
0e029814416706774536200181074292
0ee15757025693367795639306521491
0ee51416933327621708076527927275
0ef02473426562641560440412761722
0e885817045808513848992271430281
0e346711282270627882083667182735
0eb26656906880720687862361611253
0e247981224210103389675703836804
0e184676765284891947674829626951
0eb29360374680505575803746854932
0e072743999878721561251634052447
0e959921591712455769708084958456
0e580448986130114663523089167516
0e627167386046552708286348016475
0e036402558842525229204199477050
0e101666357206112681081748455320
0e117796363501697027222953452674
0e518259621249173316480085853775
0ed69719102850251217953475327085
0e761657316022180429758325384657
0e355970557372440216920998975222
0ef20180960250338718429233550861
0eb27520620314458450279649491956
0e436314378402734111611712654026
0e946119446142642672858262832757
0ee20311665022977945172870623927
0ea34183380125537235698152703631
0e484369305169417649070905006315
0ed22604657931750807530689526355
0e653326767131355956161110469880
0e631431734866553918413248642686
0ef27592244074741276205927202324
0ee73358262213033449654829838621
0e333130585586305213577039927427
0ee11440449892563603908564275693
0e901351436865764070859051398466
0e242700999142460696437005736231
0e239074099038376915511163014383
00e78170913509171886364696947933
0ec00053106946393237318089678345
0e544759073985063895056720000601
0e891676190649193842031508414124
0e551613790717508526393660811028
0e957569938257781069678186971676
0e778781420740711204571028212537
00e78652260218430366515810097082
0ed18617980884920471439353879013
0e107806662474608626243242623178
0ec38017339220834055407867659893
0ea54041584253883176394189001413
0e164879675821490800383352471267
0eb40162176777666089546818513308
0ed11235495038495675309094002675
0ee18660142227578830299076471060
0ef94806912787942506104369088120
0e879034299586173661436974677516
0e535955911746832994456280697563
0e402537864182105121764499750206
0e154499221314249635525178651457
0ec30474031066987435737602946383
0e249732113617303873999818367704
0e851827184221990365882765762026
0e760659789811566699476240165608
0e868690772629271014442727686201
0eb89528718762908134410955812049
0e544071674105476245212118785762
00e21165511946133652979395746247
0e845856619305429905294795223862
0e481083164060168518602691315134
0e788248204976275056321855467193
0ea06412255480296796669846331760
00e76915435845087660262486971544
0e486802182204901515938066198224
0e967214930623954488921841383017
0e522399875920163409892231895481
0e844185588819980251553352078116
0ed70294867221053172594698800809
0e043552498983315659673380698314
0e221326925297238319205562403775
0ea35230842676265549075202368418
0ed64473741254375792597617298320
0e937094300163513903046235959376
0e078951774517171775068618837762
0e950597873615517725342655425676
0e687068666718182383557043953615
0e065833805870206104769091610143
0e022232332677582357629641454394
0ec22796471841009514558301553023
0eb75234122593032202383451028536
0ef88228580762975171457711268681
0ea91354418927530903763416843291
00e33928319980525556260699609455
0e060623422950460103744994537275
0e566330500563397747235750234034
0ee13325826707023263360923234976
0ee42471186025357978644620703909
0e167336967249208668983353612551
0e679536762501723662842305349946
0e655099752955237071924454045565
0ea86023202885175720452845581289
0e595165694879612479699744301452
0e136280995332446050419927097446
0ee82516688966692184934311381550
0e404354171460149880658255644172
0e327816715263020551157994642262
0e266635146281201862140250013547
0e246045807419548494953409205770
0e382514914454869222086887708252
0ed55522879873085011349168357626
0eb61675251110054878167276702435
0e201680358094517687116416862211
0e851016901835339471421134744975
0e303693135179081369436042343152
0ec20585657053397619530215202491
0e159355143480978773319290574673
0e780230490671528824082797611528
0e988901793080979725482127310981
0e698941911873178020764396451394
0ea94814013347962080571286533377
0e782617342338981946949215700453
0e225954682674701865093997632794
0ed88663538611463606793395958231
0e845294177040449107929325347217
0e388018143362098325736722862007
0e143831420583693880410360244095
0e502531011951351199856979789669
0e231249552099511290035202639677
0e779492206807446206587041280994
0e092714162248701627420936647293
0ed12137109383219505409966141389
0e674473628888334961274799092940
0e375028120331856284970482466281
0ee53141249730380710998871198253
0e759549138673772424920544629180
0ed22255971426454783711877447657
0e205985582557613221903241492011
0e955027723194091892501346387521
0ed68392808058140781756758780626
0e901604353287709534446331674531
0e258483488531397681824616366109
0eb62111644230936795058661270722
0ea12650160986551639200815067984
0e282418944932992681335345024199
0eb42133552933644906054620002148
0e031246576022555463948064271079
0ee23945033780919292656782361353
0e241414596515959326169663249620
0e887513435583726029415354657328
00e97567352332036778893575095100
0ef40558043678942678540609398277
00e01019827519222036065984234151
0e054022120302530233319321186953
0e844587058861955318344253198266
00e17659033928370024824249533293
0eb70056647889630536931315764399
0e937542651226775035719001451190
0e760187464228781676109867521116
0e266063893952901864193610970143
0e807933395867245185871023013548
0e388794081078690261059196426709
0ee63325885559970580972045531729
0e016116460861295741205884340664
0ef85126592610057124451082843381
0e775781379875375077516457565945
0ee76468068080342136181454163345
0ed75884286971215365437957834074
0ea49638074065902363782993554689
0e748413228067967993548604059113
0ee27341201146515481533443599211
0eb76841431577914691380845365507
0e300289233366943273554537239693
0ee09972239128093017302916655925
0e495532206676849217596564676760
0ef21544017202086404347513132019
0ec44203125966605968551343291850
0ed38717637142025133390691071043
0ee68042466377628948785337657469
0e800259481444998986692038202429
0e243601382303568196061924271208
0ef69572871403570460246727491278
0ed19666356276514228255468244335
0e685755120581698649362306097838
0ea77600497707785136121330578144
0e817918331134137323631992911962
0ed82640807762699315801644733111
0e185348073727439365333761046098
0ed98129985996607273213986024960
0ec73700222322343431655082663372
0e713987154830874238138279327808
0e415888246684184750443844793132
0e560271184837537747051070427799
0e912618018433866899539537579129
0ed70754898557082084480953314618
0e438850351107865417946844154208
0ee47351147686079677852158107860
0e888716370306615548171482114828
0ea83569136554111698899064298456
0e777604989704277167922369159767
00e53382869322430719579279092015
0ec24164766496970637455181191601
0eb79196459941194828128046810207
0ea83703377362539933366038839843
0ea09082933112333201804127615298
0ea64417550773557899231026400255
0e273002667913678716748315387834
0eb22739852015526072140672658003
0ec95544518346185946033749369199
0e273410821531579600535935517371
0e386621109701730051415838097168
0ec72900248315696636038857570626
0ea24503094407654351149700802245
0e355360814328263468392732105397
0e653789367518439993109807326866
00e52796185454640810041139906610
0e014319431367688404169781839026
0e091482799021394722061173677644
00e22822960581750183750303218724
0e468981304529490417967696208209
0ea90523634052476781421925868466
0e706721299860673414991899097010
00e06038130280740524856085607869
0e172855289197596616327189502549
0e046767257151951488075068898208
0ee81118450868799965865441465707
0e900854523839940315629070924170
0ee64438041854740457155517714487
0e305278172985670775962822472499
0ee10118610366436301310756606932
0eb33947843361550306995197393950
0e573794711987386459526325443323
0e318599495041770813361179089207
0ea91147506068860772100463049090
00e03789101033630648467878515573
0e730977793649162415827250714823
0e305309994564214358404252530834
0e559529379658318456957029484631
0e485103873854065577921508340074
0e667879447675393308142250681154
0eb97580266773023944246736052349
0e734484428207200995693146101888
0e314514791603727898531543911164
0e166897632792130862394352514193
0e160826322958573722208882082182
0e511704724801089852062543562585
0e100584909587256939082984155094
0e441648116586010471810320607191
0e262910282637347006014043020126
0eb71510685877728407552561618551
0e258932010038344947770476449734
0eb91709428182362266335550528237
0e720392406500752382412102944560
0e932362810908829486255181326624
0e958832861792399565903244316379
0e047370718806375300931408867931
0e483353164922505225551649442262
0e404369887381637939599411249610
0eb57192898811944323832724404225
0eb04032412845546746907276656790
0e984443593473245938618603829085
0e754313447197502380182941505899
0ec72612163756301868554138806923
0eb81466632526298574135201476822
0e549210972114765511194892243949
0ef58617375360670342972353923169
00e61511983177762994316403508373
0ec46033570004310562635401279279
0e113809520933484304697738373819
0ee14173877818893005038496123922
0ec84144942058595551929680540934
0ec42154709300515583409734840699
0e644712652854216653210649019966
0ea58458381320925504215769691502
0eb83426034637810551630901072218
0e545164150667088447957343575697
00e27815530413747851470089909200
0e431728043680412425931200669560
0e842830734288661948684007981021
0e397704243679743620267535719383
0e902622922704373625462006591084
0e012942409057542020981383248082
0eb87006337053506094213319611523
0e037799625419873955830852813653
0ea56811321107017762417652612881
0e713509052003864199988336870712
0e096563009177733317125961726648
0ef29811509351797552264521322511
0ea44151531419465129882575101988
0ef75376657907099561472568382857
0ee55435318178210319891668116687
0ec80798186111633574791389058956
0e065196279405838050523470289445
0ea32783087431623175057052593697
0e148902311546701240194761557681
0ed89060614035937073911499320149
0e358379830096957123832000465492
00e23921615024417905972279860127
0ea29699394513979399281786583387
0e648312676073315753686782434251
0ef57466112854436481571102638193
0e549122357245810735417426731529
00e71106873513486386020638513253
0eb69646765158972453824893117661
0e798262190719244642120406241037
0ef80192089480402392528077866594
0e393063451113520623260883180370
0ee96615435496349159823339551231
0e547618050413596671736764162278
0e927046279499001653730064212316
0ea78956015090101871250746950800
0e713327370227563478859107579016
0e129687674524874682216836227729
0ec71693738251482072865436434410
0ee29861466034587670322968800199
0e769621405874205975081405369220
0ed17833969152752639408004882293
0e645268213701136739851883775787
0e273425521964189054573942996476
0e360581727854283017937813383700
0e601285101878878662990909509462
0e711517325531233007617864779135
0eb45180032583543315724470131419
0ed70237375617000663128600151212
0e261181667495690637334948052131
0e898390707386014860029943707671
0e498845730231345742163116324571
0ee27520974738180138660779550757
0e350221130318374996361609007007
0e332522052041680297987999287874
0eb03943250209508910624676972438
0e571922878615293124985545571278
0e110920165167738495586572246492
0e452441252333108355062684174414
0e144194516543770732795176766798
0e180683742815794241773611247433
0e594916404570158017705011294283
0ec40363075564276905867045201608
00e02799278283881138931712860238
0e243649086020299765539643957482
0eb86465492236896461577632006062
0e624971635547993313711867871646
0e997970895538822639588928108376
0e458104215991307643920017914660
0ea19744265103045010055390282215
0e818465364995012450160645503327
0e186988543371148583868090628757
0e560020969989064619038976414043
0e443422076694146802360513332568
0e305137237314174269404155016688
0e478298083613316107459305907098
0e359187161304157539287509886370
00e42536511573327958837976762330
0e476654702450299632468777628354
0e484554157094397182863571767172
00e58461571023902835312409167773
0e803473473049474745461468508663
0e198979323667213428501216296281
0e852788235864983815562559528091
0e195403329629357635131280129190
0e173098816894413857288672198362
0e506708520150717331405863398954
00e59768136635402005534872511270
0e800840643855010037448881984204
0e069966635722217754458175456433
0e114567529312736809898655684693
0e077574071545040399080277481258
0e487980017935959146955103358106
0e312689870610735311595882253536
0e488409725759048219123793610673
0e819140131532955467068164761808
0e115397152828094255399175796659
0e453460869789584366816848139486
0e933875473827131465822233669180
0e534079230239544746143741629773
0e140990768077153268467404324379
0e915357242539743090226437664036
0e484887635913963065228367725792
0e048020066397263986081879034441
0e096571847500387036158576110981
0e001545189745179000556196073262
00e97132148382355738347146842033
0e111217423736819813153471728528
0e401671111555918816845394123278
0e384442561191367756099756925488
0e044501587820538634551334355770
0e173225800623477077170655519507
0e792989266098596293450394438569
0e394353348609913295717307173370
0e919690854618060666601691659658
0e063403212310483769690805065825
0e935253073778106426297490832707
0e101753759710895202182204836980
0e274891953092733006767445802251
0e383803234852401427400835007784
0e705000597672583491346120009196
0e164272952871900958448783617716
0e973500807967144455964515923799
0e047779354437823150759237832317
0e217965744631372178070549749674
0e373084776503166798762446544090
0e573176346147001650108196601344
0e406815567764602409869672507526
0e237996220679150359357968225898
0e878603839868072014919271987393
0e199927703462742018806026867248
0e606401498153860106097466821485
0e865077392762807912557810462636
0e325195345077649192366881816781
0e695217336543611377675056158313
0e063440635641896597100134021682
0e442146497422063693240361029407
0e143411518928264546709493531576
00e39291179711828302315716212311
0e210630296866497280290153764076
0e578202423592283777541400439888
0e382837914145424584893818619299
0e180143324788061662560119258181
0e637315644847226799941804916202
0e174413629803472241594737171840
0e341499420453300952680698630584
0e994249981939772421753088649472
00e64574777120986712170641764973
0e907730870499950745937818218354
0e952100030203135626766403645831
0e312653519279611815433993148500
00e32503139227040467351924322965
0e790923800292454338835856268313
0e783946138664317185555102512715
0e757234114669118020779740236931
00e73598578914775814443247204323
00e40930545550624055611637512128
0e836825228923217598615097810945
0e388597762908012199905358381080
00e97669033292422039515578589244
0e785472232372057432595300925115
0e543327146834766330479762636361
0e737053257198387832139845832107
0e189656022638320797038370318080
0e502227416694497770293038177364
0e741295853435965863207597011970
00e70153057673217277726511013604
0e496211813875839888884424527615
0e422968855943552648298065071887
0e198025597575623710806613358516
0e817727734884247252571224878771
0e348492516167418545313808687992
0e036659406784394461138665096966
0e184853692391088898314763670081
0e122350164991741065745632471658
0e556485729818849153460746667456
0e595382716541638596212874739421
0e356074966114130738099348064155
0e080088278595668260174306546072
0e081502383796886474079688943427
0e852655073237061438725313443714
0e821539860384670888592561134442
0e047009536035947520979498297621
0e477456514055784273981142480212
0e272553697868389031173260451524
0e323432093396194207457636088334
0e798918330378786680491812688426
0e626867880425541428354150784898
0e115475995924665679441376301245
0e326696458510992713543072556629
0e434738511829436466871993325003
00e10103172115901558787012182662
000e1640738746380107023370801785
0e493707286061122838672478136151
0e711669290456777213730076069115
0e481000106858415583915855214612
0e090834278490300511041854943846
0e595115040769651736672578149738
00e69710009207015091983322333367
0e583861828759999375710762386181
0e124859781897479406471310274665
0e750143108151497517512981976595
0e015482782086224678711348946999
0e790926817762745935129581933853
0e386135102212088676991630350591
0e532111367303721385759341171639
0e625034147214212151061454475933
0e239700241879125442633260696870
0e010472279905434033680116137130
0e377026978787592814469455675053
0e100231159347513269636201494646
0e917413018607119188690959522613
0e246158368694453664411916183790
0e637664803834471932721979939621
0e243290500679059135881845663163
0e500224269544123175766985355431
0e177211772494730590339712709975
0e438737781298657871500284163488
0e859245628205631785434879617996
00e95071710439957711401540424572
0e922464428506711335483475014517
0e341461330988275329454281437426
0e515036189105890288123873478095
0e010526382013967594190209865063
0e255129593297009930789193140071
0e464936732132913684369711837743
0e794171474557170256534703156406
0e085518389086878134845564489741
0e483349222849501401479573947729
0e293700057145223332148823634539
0e773867529498181462358489286152
0e129393501994211217408976885339
0e863279948237803864005992417634
0e111920379913940272046936631348
0e782794441322544756268380726651
0e150502868747909945772373520877
0e660660945958452603316386908123
0e256360390695420880362675136584
0e105556476792017677021745158651
0e118384241771571176356368427884
00e51572240181368011633518322412
0e466682363807826912169538795680
0e689047178306969035064392896674
0e367041900543441029563124937228
0e841063432530790836849441220265
0e825110131238975934097747438094
00e67972772076279757422607754851
0e442794795707185857719335366936
0e741385010207011839626710019143
0e326317707028499177830478236923
0e126165465744024844602201925305
0e102856367633866248822822538173
0e773939104686777110859301993365
0e400599098878084994964989437950
0e171135099557940497066539413538
0e341458689020068004009380684426
0e315567585179673605046363175016
0e617227714709657599517443612891
00e72032532215436671549609646555
0e597546911230096796627092116287
0e721850619801609110843776277193
0e873615697730595069141037038322
0e324316378866338915127082973545
0e854301621315436115803412220883
0e406440220827534030793589817604
0e854871064450301583802284574846
0e475735962696558914856140331137
0e539867938634472786162363004017
0e593673401700428688569077614998
0e297286500374769026178954144027
0e141015911386205195500441535077
00e82096161841492866588321968925
0e388749757863557269908950425287
0e345454812379965963500744131755
0e432209500614354902575946950322
0e604068520122076280668967858366
0e192448656819689579663402632707
00e29248180925060615658190794077
0e274197734240132194727708634185
0e307167574261776673343869112344
00e88956891734436705233439493533
0e749867623348378807452842903266
0e528897339634309832329446871491
0e168206357901180846780308585276
0e031729089305784425967546239820
0e620972654966689357367428978261
00e52107084201969352753385017214
0e702565155023090652395402995100
00e39786989574093743872279278460
0e142081229903926924291387418884
0e238872362391842421990692186350
0e874769109757180442990836153073
00e82010272588913494874075404308
0e264387635231842725575211994983
0e964562580826716411775523600875
0e121736315773876437379216153500
0e664068263703106696555209425934
0e319957400442773298145222442028
00e01450501445988824413679992553
00e12483932838133705829240070744
0e479453688109595852600389146733
0e753920993198240461046868701706
0e653698208105792869029369585968
0e052539892259114859640052326948
0e299867669496704859280595221290
0e402980272536959961812064024028
0e975856862727475742584132986413
0e965085347228157259112180379575
0e896373459033447788368107978553
00e76763674700997023615024879315
0e118275813739795161784520429617
0e352565914574512443937170933788
0e679105871843092848109265753035
0e580448060181188043731880856446
00e10968728013776640746800840027
0e268518755764338261571769908809
0e526486202088319141488400778427
0e436093185083812127040988867475
0e554813064909321828168289872681
0e191967979148142784996325267262
0e297466430087253241368454655530
0e717192987842357999753403214061
0e026983578289751346449857742272
0e223022993580417076841375850831
0e032971758778418406046710861610
0e949797348142529148887313794172
0e490789392110768776457566243917
0e558712719905214121428535658378
0e678871401406640475038587528731
0e748553266280500105897104531211
0e828802065793295860193266417698
0e613998338890675336630148293630
0e072409899066486174131879789375
0e936557256102168927751466170611
0e024084237222475104399134779541
0e332147125486889608048401650413
0e710095326463708330672374397326
0e243400796157423113837283456259
0e305228459314263578047228594216
0e344947368902513318408474762864
0e813254788477647633410452292882
0e716441424049958126278352256805
0e547122947481666997769759318604
0e996508862987600198783055599419
0e036326027321699501765392445095
0e380955964361784173465938928024
0e653721635812112812812943623172
00e78898863364769859211405104852
0e367008298083134506419670376044
0e319109816075038370127689322166
0e822765396463167654528278341080
0e783012424459667950083283305224
0e602791960841971081465365543947
0e926479031443037930816674394927
0e801531486059204958654274572109
0e866267011289417336160709880563
0e270247480077585773093806255125
0e251010699814609150059298651594
0e416048116282294014364090478654
0e594560521824817396348847883910
0e173598035202747038169248653523
0e335687398786074028235756402225
00e35645438288769028980653614371
0e139929756865576003496761656047
0e335940897938838066367666920873
0e984416266680031628239129598447
0e624809536100340000649884841662
00e48483801626536886347891518295
0e142057241090737466770311436274
0e819328685132355422690115557937
0e872776281290784237889512792394
0e812224828968442284187448348970
00e03480391551416341892874480253
00e01946411671129357374659098822
0e250657216501310985890434036026
0e748063611935621125290495444799
0e467342769655470642006025754832
0e968735484193757088984128223538
0e800949314210590494919317196064
0e146187037451850830854514821767
0e405037745415128364073979856919
0e362100417416497135530402824062
0e501008269688937896791823094306
0e362942997354612711163833810165
0e309859395651912513750295045593
0e712601847221119538423559709183
0e862144521087604521816107302382
0e671699021444073100367671932950
0e826555004251931137227058696270
00e51326069452846241211055882721
0e177337912171954059272958030021
0e743085805252927775565385290397
0e868489106034723523559320341834
0e668883720723418111245548953214
0e206240563971050550116633301219
0e257204273001610237815292534804
0e500122072987105499558769309919
0e641531560203654077289258748768
0e762171063695462807358759123750
0e112021453091938008179926214432
0e539034975375694709628091119285
00e84318121438045061107416117877
0e151552396662602699790731012016
0e931363893282159188068848944511
0e967077438787013328807625996622
0e825371282614850860463388078467
0e558707314409339998121484069293
0e504446921245543672741298606269
0e212362508980563187307380624574
0e233977016726735249825850112191
0e979094825139201743271623118497
0e320113725965349531245264287508
00e24990249063715603043847588412
0e427088803668170868968681882372
0e798422082256872983511618278639
0e632129769104845720449638434365
0e277822600679140301163408072337
000e8035366967428111420789887452
0e145836254131914671762702802248
0e794296267645314378837157280716
0e797660940305640059960923840530
0e919749841593600480396602490551
0e386534009257600539447714376960
0e299007796530052469172589577557
0e874413536934946580761991223533
00e55480549742593479712918207437
0e745300758703252891987480809406
0e608352080747646815330536960302
0e847259933883272237056784406542
0e026724414718028157133240637643
0e695502374759494568304076914962
0e397431486738711936984824494127
0e355754319526429296453963428621
0e723640171579308600048103169197
0e724243036529668902792507562841
0e699828270766224167379051893230
0e991314659725335977252965500812
0e351869381366502712134558862779
0e339703243496858659637178841304
0e379962815375430180676055487647
0e069131503592996704083669449098
0e491115376538379914583803505526
0e944498014881245171922637714771
0e238954473242774066673182260621
0e352301353053764000765589033360
0e125787292128680471912637832157
0e013747045260524485184037794915
0e481204005586521649559409679900
0e472189797727655093199339150672
0e324620312086945257345832085592
00e27029941820603345228601454319
0e449824447122481665122660747248
0e176089859050714805502433397456
0e648874773746431631520736757720
0e549064947501414644573642844626
0e098815389405733553036135137403
0e652150710039140728339196199010
0e459343631065651364048523771633
0e941242457321132837764267348274
0e995949026043127195120779393623
0e076622792501044716258916967463
00e72957216100821023191573342510
0e904310212375757042757551233487
0e560411388484291716353637426222
0e428258301000971183683390506375
0e623435437885705149665265323886
0e751087553632951666954105945855
0e412825784296994813673923046768
0e033986194768180713959602159890
0e086480164341626882924899142907
0e331845474827674218000636146681
0e743542551632021350623273288309
0e107303994101791601610489605716
0e871241942888840744154041163279
00e90897696814423421503111013874
0e057642476503058773682559259910
0e434889771613853625195052101267
0e360899786644122892711479288030
0e068388224779546143336426711904
0e821993049235653827748561923700
0e363752286934748004267478332720
0e710917156631142531976917685938
0e218582682560037679432658764131
0e197655911012583910606537789411
0e791913724986920161109490945425
0e901414916553612529150636179347
00e36239940494820624886917103633
0e708685749493051383997168720064
0e286684064973701562754646189930
0e911457360322005766446588406231
0e021895121757290175000580073925
0e247446874683380579709339779277
0e353485834487835012843802093795
0e440955275288620608351823343427
0e776768690649094123168185279570
0e503408782980464689452899992245
00e99600087846922253588391363999
0e704677955924781057083566761155
0e755309175686000342207575969583
0e067163562252210316413100043115
0e373876668454513642191223584240
0e480801274702183837296236500883
0e303732628701743861345481400946
0e010133950146407417801169748688
0e520891067050733616611692220497
0e725420191847615995846416099824
00e73400130860032588503590621328
0e140024319784642702848046984729
0e771599882535532352154962129065
0e474441707290900694930228433006
0e859173238273273455651853557908
0e175370484277394504384587260411
0e732793752744629114494286417663
0e617304905381053105798903298240
0e742627851258428405240773858206
0e892585293178019132096606038104
0e597110581935218364198446515779
0e668603196060723079925408295422
0e839011002232277416984005143745
0e914119447124053184837596602810
0e558977309300052364660200559690
0e316254807757583857349425586730
0e288796248230952258217585561073
0e049244235820395072512978352110
0e392752400759036121301780363977
0e993811297795641783927086214820
0e228469762885608934453271169645
0e809229513191992773750209262421
0e015890930978824184417033457171
0e918361104734546542049362421574
0e466819090700704408768809355877
0e488468752018350982728547761723
0e703717133545667739210903323083
0e049115676628046268387027519760
0e748863568511001009100615283009
0e316384599798704817278060496674
0e118295099101694190498400868465
0e922451586661705450371971984450
00e95246441910436569610504494429
0e704187673611855154964811990062
00e58378298714355054522900730468
0e698031537843159768162020780735
0e685754512634902310450933716189
0e732403697443088745177978608703
0e911992123744915158360782778515
0e642276872339101894040672638043
0e674601908431368289110857474953
0e811903033662824759764930345353
0e977690635887290867676681639188
0e547772458960324697116900050578
0e670417101053731652248174312214
0e088186168631173581624876059389
0e803278139459070019409565297938
0e494496613662122765707618390572
00e89083858553525267218694193703
00e66954822291536238327643342602
0e688065097905052131160818049682
0e150021313229535479448960192497
0e427165560473709541262115879322
0e212089178649039431933729688866
0e875225739151635763781768168050
0e151847567205329626226186994212
0e554834940334311467473897130531
0e220987314997743625442964283314
0e070680132080871095604490841909
0e505306610086634417027764698286
0e781189643377847208451601226827
0e914022345307317030885198241992
00e98964689272988335938577613800
0e656721453248642852483628066363
0e394953505745405474013722050568
00e97704981801156036802648235478
0e389404952944040555093072566533
0e744254988746519482021441207857
0e584534642350465243534981705206
00e75643634650030148510424537209
0e735266984036051110930327520427
0e646281365937497392704373659016
0e361812035730460151531645473846
0e111862011654913151517331666493
0e613355377549634251553032324836
00e66018400048726119673849053795
00e13091337053035690315301170677
00e26430923330343164204018649849
0e588371083636394650517986368324
0e632684922796334502827808200584
00e45653718969294213009554265803
00e99757454497342716194968339146
00e73414578113850089230341919829
00e48890746054592674909531744787
0e291242476940776845150308577824
